-32768 10516
4918 -32278
-19279 25492
-9698 -1709
-30133 -11194
-23565 24054
-32070 6411
-11971 -17300
-28724 19150
8100 -24631
18780 27835
-2955 -32697
-30563 28016
26794 20201
14776 691
25645 -21926
20596 -14460
-31715 -6616
-20834 -8587
-32703 -30954
-32454 26412
-27917 -326
-4419 -27859
28969 -7529
-6366 -2792
-29457 -23824
25149 -31780
14401 28101
-29656 17435
10444 -9033
-12757 -6393
7696 -29133
32756 -8847
811 21495
-9428 -4616
-3172 21897
-24168 1148
-25196 -17873
14574 -28454
32568 30100
-32756 -29278
2620 -12918
-6552 -14823
-17073 -13232
-12529 -27752
16643 21608
11577 -19050
-24268 19964
-969 -5648
-29013 -7814
-24551 -20927
-18638 26478
-20733 1555
837 -9735
-23062 -101
4311 -22943
-26238 -1326
-18177 -5359
21760 22510
-9864 3109
-1646 32481
-20664 6361
21374 -15867
1665 -9608
-30695 23007
-32187 2079
5477 15373
-5472 13084
-22497 -6512
-9095 -24571
-17737 -26635
29031 -9067
-22585 -20641
21501 22504
-10595 32679
-18215 29316
-30106 1609
15537 -28849
8832 25765
-1694 -9426
6081 -9680
22503 -27158
-2903 8880
-19001 -18947
-29248 -25508
-18732 -31509
31420 31031
-32068 9239
-27153 30029
-20485 19829
-19127 -4302
-6015 -31107
4383 26928
18164 2623
-12709 -27000
29331 -4634
-145 -11995
19538 4596
12330 -5309
16866 -32589
19039 -8696
20651 -16649
-1107 -31249
-30932 11141
-29192 -23758
10336 26455
22715 8585
-28766 18794